1745648880 
1745158800 
1745064660 
1745410260 
1745583060 
1745670060 
1745071200 
1745417400 
1745590800 
1745677200 
1745565180 
1745572740 
1744987920 
1745564820 
1745737620 
1744978860 
1745236020 
1745734980 
1745500020 
1745398320 
1745488320 
1745139300 
1745246220 
1745071740 
1745141880 
1745660880 
1745398860 
1745744160 
1745132400 
1745409600 
1745661600 
1745232480 
1745727480 
1745764380 
1745331240 
1745150280 
1745746020 
1745247480 
1745129100 
1745642100 
1745150640 
1745400840 
1745480040 
1745155560 
1745217480 
1745322960 
1745131860 
1745643060 
1745677020 
1745758200 
1744984440 
1744967340 
1745323140 
1744967760 
1745077320 
1745156940 
1745245140 
1745396340 
1745143740 
1745573880 
1745674680 
1745726880 
1745764680 
1745753160 
1745064600 
1745581800 
1745675100 
1745055060 
1745121660 
1745325060 
1745075100 
1745123100 
1745593500 
1745752680 
1745045280 
1745120880 
1745333280 
1745072700 
1745244300 
1745658900 
1745130120 
1745505120 
1745748720 
1745395800 
1745403300 
1745474280 
1745762160 
1745504700 
1745573100 
1745649900 
1744976580 
1744988160 
1745046360 
1745652360 
1745133780 
1745142420 
1744978800 
1745139000 
1745311800 
1745466600 
1745583600 
1744977720 
1745649720 
1745742120 
1745065320 
1745650320 
1745504400 
1745593800 
1745754600 
1745042160 
1745495760 
1745650560 
1745753160 
1745055720 
1745573520 
1745052540 
1745332800 
1745332980 
1745590980 
1745659080 
1744959000 
1745246400 
1745409000 
1745743800 
1745220900 
1745657640 
1745037600 
1745124000 
1745415600 
1745757600 
1745734440 
1745245800 
1745308800 
1745501400 
1745674200 
1745150580 
1745218080 
1745764380 
1745238720 
1745416500 
1745238540 
1745418300 
1745057520 
1745296320 
1745420820 
1745661720 
1744978560 
1745068560 
1745388960 
1745509560 
1745640960 
1745682360 
1745332200 
1745380380 
1745493780 
1745409720 
1745486820 
1745591220 
1744968840 
1745484840 
1745475120 
1745565120 
1745684520 
1745773920 
1745647800 
1745149500 
1745209500 
1745129520 
1745055180 
1745133480 
1745497980 
1745582580 
1745488080 
1745658480 
1745588820 
1745064360 
1745493780 
1745670060 
1745044740 
1745055660 
1745418660 
1745761560 
1745389920 
1745242440 
1745065560 
1745150160 
1745735160 
1745138880 
1745484960 
1745158080 
1744985700 
1745657400 
1745734800 
1745035140 
1745323980 
1745668980 
1745325960 
1744958100 
1745237100 
1745667240 
1745047380 
1745160480 
1745325180 
1745505180 
1745515980 
1745562780 
1745641980 
1745766780 
1745310480 
1745305020 
1745409420 
1745563620 
1745743620 
1744982160 
1745052360 
1745142360 
1745227560 
1745131020 
1745237700 
1745756100 
1745064360 
1745232660 
1745329860 
1745416260 
1745641260 
1745668740 
1745666700 
1745139480 
1745571420 
1745160420 
1745467620 
1745328360 
1745497260 
1745034900 
1745150700 
1745225700 
1744977660 
1745071740 
1745139840 
1745497200 
1745582220 
1745158680 
1745552220 
1745640420 
1744987380 
1745505780 
1745680380 
1745479620 
1745678220 
1745045160 
1745651760 
1745036760 
1745591760 
1745764560 
1745570400 
1745159460 
1744948380 
1745562180 
1745583780 
